11 11
255 127 39 0 162 232 0 162 232 0 162 232 0 162 232 255 127 39 0 162 232 0 162 232 0 162 232 0 162 232 255 127 39 
0 162 232 255 127 39 0 162 232 0 162 232 0 162 232 255 127 39 0 162 232 0 162 232 0 162 232 255 127 39 0 162 232 
0 162 232 0 162 232 255 242 0 255 242 0 0 162 232 255 127 39 0 162 232 255 242 0 255 242 0 0 162 232 0 162 232 
255 127 39 255 127 39 255 242 0 0 0 0 255 242 0 255 242 0 255 242 0 0 0 0 255 242 0 255 127 39 255 127 39 
0 162 232 0 162 232 255 242 0 255 242 0 255 242 0 255 242 0 255 242 0 255 242 0 255 242 0 0 162 232 0 162 232 
0 162 232 0 162 232 255 242 0 255 242 0 255 242 0 0 0 0 255 242 0 255 242 0 255 242 0 0 162 232 0 162 232 
237 28 36 0 162 232 255 242 0 0 0 0 255 242 0 255 242 0 255 242 0 0 0 0 255 242 0 0 162 232 237 28 36 
237 28 36 0 0 0 255 242 0 0 0 0 0 0 0 0 0 0 0 0 0 0 0 0 255 242 0 0 0 0 237 28 36 
237 28 36 0 0 0 255 242 0 255 242 0 255 242 0 255 242 0 255 242 0 255 242 0 255 242 0 0 0 0 237 28 36 
237 28 36 0 0 0 0 0 0 0 0 0 0 0 0 0 0 0 0 0 0 0 0 0 0 0 0 0 0 0 237 28 36 
237 28 36 237 28 36 237 28 36 237 28 36 237 28 36 237 28 36 237 28 36 237 28 36 237 28 36 237 28 36 237 28 36 
